1	1
1	60
2	1
2	60
3	2
3	60
4	2
4	12
5	3
5	87
6	4
6	87
7	4
7	87
8	96
8	3
9	96
9	3
10	5
11	6
12	6
13	7
14	7
15	99
15	6
16	99
16	6
17	99
17	7
18	93
18	6
19	36
19	6
20	8
20	5
21	8
21	5
22	8
22	5
23	8
23	5
24	8
24	5
25	8
25	5
26	8
26	5
27	8
27	5
28	8
29	9
29	12
30	9
30	12
31	10
31	70
32	11
33	6
33	22
34	12
34	22
35	22
35	7
36	6
36	22
37	6
38	13
39	6
40	58
40	14
41	58
41	14
42	58
42	14
43	26
43	14
44	14
44	55
45	14
45	55
46	58
46	11
47	8
47	58
48	15
49	1
49	12
50	12
50	31
51	1
51	12
52	16
52	15
53	17
53	15
54	17
54	15
55	18
55	15
56	19
57	20
58	21
58	38
59	16
59	15
60	38
60	22
61	23
62	24
63	23
64	20
64	15
65	20
65	15
66	25
67	16
67	15
68	13
68	70
69	13
69	70
70	13
70	70
71	13
71	70
72	25
72	26
73	27
73	47
74	3
74	27
75	26
75	3
76	28
77	29
78	28
79	30
80	28
81	85
81	31
82	85
82	31
83	32
83	76
84	33
85	33
86	33
86	22
87	34
87	70
88	25
88	3
89	98
89	35
90	36
91	36
92	36
93	37
94	8
94	25
95	8
95	35
96	8
96	6
97	8
97	6
98	8
98	6
99	8
99	6
100	8
100	6
101	8
101	2
102	1
103	1
104	1
105	38
106	11
106	30
107	34
107	11
108	34
108	36
109	36
109	39
110	39
111	40
111	87
112	34
112	11
113	41
114	40
114	87
115	34
115	11
116	42
116	87
117	39
118	34
118	11
119	34
120	34
120	26
121	41
122	34
122	11
123	40
124	34
124	36
125	43
126	41
126	63
127	44
128	39
129	34
130	40
130	97
131	58
131	45
132	35
132	45
133	34
134	6
134	39
135	46
135	6
136	46
136	7
137	46
137	7
138	40
139	40
140	40
141	39
142	40
143	40
144	34
145	47
146	44
147	34
148	34
149	34
150	34
151	3
152	6
152	47
153	3
153	22
154	97
154	44
155	48
156	48
156	58
157	48
157	58
158	49
158	6
159	34
160	47
161	34
162	47
163	34
164	41
165	47
166	34
166	92
167	34
168	34
169	58
169	46
170	58
170	46
171	58
171	46
172	58
172	46
173	58
173	46
174	3
174	46
175	43
176	15
177	4
177	47
178	47
179	39
180	40
181	48
182	4
182	47
183	3
184	50
184	22
185	47
186	40
187	40
188	40
189	40
189	1
190	41
191	50
191	22
192	51
192	15
193	30
193	15
194	45
195	45
196	35
196	52
197	52
197	22
198	52
199	52
200	53
201	26
201	39
202	36
203	35
203	36
204	64
204	54
205	54
206	54
207	64
207	55
208	52
208	61
209	34
210	56
210	64
211	8
211	61
212	36
213	57
214	30
215	30
216	30
217	58
218	11
219	41
219	50
220	59
221	35
221	15
222	28
223	59
223	61
224	35
225	38
225	31
226	35
226	15
227	38
227	6
228	60
229	61
230	62
230	15
231	40
232	61
232	15
233	2
233	15
234	63
235	64
236	36
237	35
237	15
238	59
239	65
240	66
240	35
241	59
242	59
243	59
244	59
244	12
245	59
246	28
247	59
248	59
249	59
250	60
251	60
252	60
253	60
254	59
255	59
256	56
256	59
257	88
257	59
258	57
258	59
259	59
260	59
261	64
261	1
262	35
262	70
263	67
263	38
264	67
264	38
265	67
265	22
266	67
266	22
267	67
267	22
268	64
268	22
269	64
269	22
270	64
271	64
272	67
272	37
273	35
274	68
275	49
276	49
277	49
278	49
278	61
279	49
279	61
280	49
280	61
281	68
281	61
282	2
282	67
283	67
284	67
285	67
286	40
287	38
288	38
289	38
290	38
291	43
292	8
293	8
294	11
294	61
295	28
296	56
297	64
297	15
298	35
298	36
299	26
299	83
300	81
300	26
301	26
301	82
302	1
302	43
303	2
303	28
304	69
305	35
305	15
306	11
307	46
308	34
309	70
310	73
310	46
311	35
312	35
313	35
313	22
314	35
314	22
315	73
315	46
316	34
316	85
317	73
317	70
318	25
318	46
319	38
320	68
320	38
321	5
321	38
322	68
323	5
324	5
325	5
326	68
327	5
328	5
329	5
330	68
330	38
331	5
332	5
333	40
333	36
334	40
334	26
335	40
335	26
336	36
336	38
337	35
337	36
338	66
339	66
340	35
341	35
342	35
343	65
343	35
344	65
344	35
345	65
345	35
346	38
347	38
348	35
349	76
349	71
350	76
350	71
351	71
352	71
353	39
354	39
355	61
356	39
357	61
358	61
359	61
360	61
361	61
362	54
363	54
364	15
365	15
366	15
367	15
368	15
369	15
370	48
370	3
371	61
372	2
373	48
373	47
374	48
374	47
375	48
375	47
376	48
376	53
377	61
378	61
379	61
380	61
381	61
382	61
383	61
384	61
385	61
386	53
387	61
387	47
388	61
388	47
389	61
389	47
390	71
391	53
392	61
393	6
394	70
395	70
396	6
397	6
398	72
399	61
399	22
400	61
400	22
401	61
402	61
403	2
404	61
405	62
406	62
407	62
408	62
409	62
410	62
411	62
412	59
412	22
413	62
413	22
414	62
414	22
415	12
416	34
417	8
417	73
418	8
418	62
419	11
419	62
420	73
420	11
421	73
421	11
422	11
422	44
423	62
424	73
425	5
426	5
427	43
427	5
428	43
428	5
429	43
429	5
430	74
431	73
431	26
432	36
432	62
433	73
433	36
434	62
435	62
436	62
437	62
438	62
439	28
439	62
440	28
440	62
441	28
441	62
442	75
443	72
443	65
444	65
444	61
445	73
446	61
446	6
447	61
447	6
448	65
448	42
449	64
449	48
450	76
450	61
451	5
452	3
453	3
454	3
455	5
456	5
456	46
457	65
458	65
459	65
460	65
461	65
461	70
462	58
463	64
463	76
464	65
464	70
465	5
466	5
467	5
468	5
469	65
469	47
470	34
471	28
471	15
472	11
472	15
473	59
473	15
474	56
474	15
475	15
476	11
476	15
477	52
477	15
478	35
478	15
479	58
479	15
480	66
480	15
481	25
481	38
482	5
482	15
483	69
483	38
484	58
484	35
485	58
485	69
486	58
486	69
487	58
487	35
488	12
488	31
489	32
489	12
490	36
491	36
492	36
493	36
494	15
495	53
496	53
497	53
498	15
499	55
499	15
500	55
500	15
501	55
501	15
502	55
502	15
503	35
503	76
504	3
504	55
505	4
505	55
506	4
506	55
507	96
507	3
508	96
508	3
509	76
509	31
510	5
511	5
512	5
513	5
514	58
514	11
515	11
515	28
516	11
516	30
517	11
517	30
518	11
518	44
519	70
519	31
520	32
520	25
521	25
521	31
522	13
522	70
523	2
524	11
525	11
526	11
526	60
527	11
527	60
528	77
529	77
530	7
531	35
532	77
533	1
534	1
535	1
536	1
537	1
538	1
539	11
539	71
540	25
540	11
541	11
541	71
542	11
542	71
543	11
543	71
544	28
545	29
546	28
547	30
548	28
549	37
550	31
551	37
552	36
552	6
553	36
553	7
554	36
554	6
555	37
556	15
557	15
558	15
559	15
560	15
561	15
562	53
562	22
563	50
563	22
564	53
564	22
565	34
565	22
566	53
566	22
567	39
568	40
568	97
569	40
569	97
570	15
571	15
572	15
573	15
574	6
574	39
575	39
576	43
577	26
577	61
578	26
578	61
579	26
579	61
580	26
580	35
581	26
581	35
582	48
582	64
583	8
583	6
584	8
584	6
585	8
585	89
586	8
586	39
587	56
587	64
588	22
589	22
590	59
591	59
592	59
593	60
594	59
595	59
596	28
597	56
597	59
598	11
598	59
599	59
599	38
600	59
600	12
601	11
601	78
602	52
602	78
603	52
603	78
604	59
605	59
606	74
607	5
608	58
608	5
609	74
609	58
610	62
611	62
612	62
613	59
614	59
615	60
616	59
617	59
618	59
619	12
620	12
621	66
622	66
623	66
624	66
624	45
625	66
625	45
626	66
626	22
627	79
628	52
629	73
629	58
630	8
631	8
632	35
632	15
633	64
633	15
634	67
634	15
635	67
635	15
636	64
636	15
637	67
637	15
638	67
638	15
639	67
640	45
641	45
642	45
643	45
644	28
644	55
645	30
645	55
646	28
646	55
647	55
648	55
649	27
650	27
651	27
652	38
653	38
654	65
654	76
655	58
655	69
656	58
656	69
657	58
657	35
658	5
659	58
659	5
660	8
660	58
661	8
661	58
662	8
662	51
663	8
664	8
665	8
666	8
667	31
668	65
668	53
669	65
669	50
670	65
670	53
671	65
671	34
672	65
672	53
673	47
674	47
675	4
675	47
676	48
677	34
678	34
679	34
680	39
681	39
682	39
683	39
684	22
685	22
686	41
686	4
687	41
688	39
689	39
690	1
691	2
692	2
693	38
694	38
695	38
696	38
697	31
698	37
699	37
700	1
701	1
702	1
703	3
704	3
705	58
705	3
706	58
706	5
707	28
708	26
708	60
709	26
709	60
710	26
710	60
711	59
712	59
713	59
714	59
714	12
715	59
716	59
717	59
718	52
718	78
719	53
719	78
720	53
720	78
721	53
721	78
722	59
723	57
723	59
724	59
725	59
726	59
727	59
728	59
729	59
730	59
731	59
732	59
733	59
734	59
735	59
736	59
737	59
738	59
739	59
740	59
740	44
741	80
741	48
742	50
742	61
743	48
743	50
744	12
745	38
746	26
747	26
748	26
749	64
749	55
750	64
750	55
751	48
751	64
752	48
752	64
753	8
753	15
754	64
754	15
755	39
756	39
757	40
758	28
759	28
760	69
761	69
762	8
763	8
763	67
764	8
764	67
765	8
765	67
766	35
766	15
767	35
767	22
768	43
769	43
770	12
771	12
772	12
773	12
774	12
775	12
776	12
777	12
778	49
779	81
780	82
781	83
782	35
783	64
783	1
784	64
785	64
785	15
786	64
787	35
787	6
788	35
789	35
790	35
790	38
791	2
791	35
792	35
792	37
793	2
793	35
794	67
795	64
796	64
796	31
797	64
797	37
798	35
799	35
800	35
801	35
802	67
803	67
804	67
805	67
805	38
806	67
806	38
807	67
807	38
807	22
808	65
808	3
809	65
809	14
810	65
810	14
811	65
811	14
812	65
812	14
812	22
813	65
813	14
814	5
814	14
815	5
815	14
816	5
816	14
816	22
817	6
817	14
817	22
818	3
818	46
819	3
819	46
820	5
820	46
821	5
821	46
822	12
822	46
823	90
823	46
824	76
824	14
825	65
825	14
825	22
826	65
826	14
826	22
827	65
827	14
827	22
828	65
828	14
828	22
829	14
830	14
831	65
831	14
832	14
832	6
833	65
833	14
834	65
834	14
835	34
835	5
836	39
837	61
838	61
839	61
840	3
840	37
841	48
841	3
842	59
843	15
844	5
844	15
845	5
845	15
846	5
846	38
847	38
848	38
848	22
849	15
850	15
851	65
851	47
852	65
852	47
853	65
853	47
854	65
854	53
855	48
855	5
856	3
856	37
857	71
858	61
859	2
860	84
860	61
861	48
861	22
862	38
863	53
864	61
865	61
866	61
867	61
868	61
869	2
870	2
871	2
872	65
873	65
874	65
875	65
876	65
876	6
877	65
877	6
878	73
879	73
880	85
881	15
882	15
883	15
884	8
884	15
885	8
885	15
886	8
886	15
887	35
887	15
888	5
888	38
889	5
889	15
890	5
890	15
891	5
891	61
892	61
893	38
894	59
895	59
896	59
897	59
897	54
898	59
898	54
899	59
899	54
900	59
901	59
902	59
903	59
904	46
904	31
905	8
905	41
906	61
907	58
907	11
908	58
908	11
909	11
910	25
910	11
911	25
911	11
912	65
912	35
913	38
914	38
915	38
916	38
917	38
918	38
919	38
920	38
921	38
922	38
923	38
924	38
925	38
926	38
927	2
928	2
929	2
930	2
931	2
932	2
933	2
934	2
935	64
935	5
936	64
936	5
937	5
937	55
938	56
938	59
939	56
939	59
940	59
941	59
942	66
943	66
944	66
945	66
946	26
946	52
947	26
947	52
948	52
948	36
949	52
949	30
950	52
950	30
951	52
951	30
952	52
953	44
953	86
954	88
954	73
955	73
955	26
956	88
956	73
957	34
957	39
958	34
959	34
959	39
960	34
960	46
961	52
961	61
962	45
963	45
964	34
964	70
965	11
965	30
966	44
967	44
968	40
969	40
970	40
971	34
972	59
973	59
974	59
975	34
975	92
976	34
976	6
977	34
977	6
978	4
978	47
979	47
980	39
981	39
982	39
983	39
984	39
985	22
985	39
986	44
987	4
987	47
988	4
988	47
989	34
989	70
990	34
990	70
991	34
991	70
992	6
992	47
993	47
994	6
994	47
995	6
995	47
996	4
996	47
997	4
997	47
998	47
999	47
1000	47
1001	47
1002	12
1003	12
1004	12
1005	12
1006	59
1007	59
1008	59
1009	59
1009	44
1010	59
1010	44
1011	57
1011	59
1011	22
1012	48
1012	71
1013	48
1013	71
1014	48
1014	38
1015	67
1016	67
1017	64
1017	31
1018	32
1018	67
1019	25
1019	31
1020	67
1020	22
1021	64
1021	22
1022	69
1022	63
1023	1
1023	69
1024	35
1024	6
1025	34
1026	34
1027	22
1028	22
1029	22
1030	11
1031	2
1031	11
1032	11
1033	40
1033	11
1034	37
1035	52
1035	61
1036	67
1036	22
1037	67
1037	22
1038	65
1038	76
1039	65
1039	76
1040	65
1041	65
1042	44
1042	39
1043	87
1044	87
1045	46
1046	8
1046	38
1047	8
1047	15
1048	8
1048	15
1049	15
1050	36
1050	15
1051	38
1052	15
1053	15
1054	15
1055	15
1056	15
1057	15
1058	15
1059	13
1059	15
1060	35
1060	15
1061	38
1062	87
1063	52
1063	15
1064	11
1064	15
1065	36
1066	36
1066	15
1067	41
1067	55
1068	2
1068	69
1069	38
1070	15
1071	38
1072	38
1073	15
1074	28
1074	46
1075	38
1076	61
1077	6
1078	15
1079	64
1079	26
1080	42
1081	42
1082	61
1083	61
1084	8
1084	15
1085	8
1085	15
1086	8
1086	15
1087	8
1087	15
1088	8
1088	15
1089	61
1089	38
1090	48
1090	6
1091	41
1092	2
1093	37
1094	2
1095	43
1096	48
1097	3
1098	3
1099	3
1100	3
1100	22
1101	40
1102	40
1103	15
1104	15
1105	15
1106	4
1106	15
1107	4
1107	15
1108	3
1108	15
1109	3
1109	15
1110	15
1111	15
1112	3
1112	22
1113	3
1113	22
1114	97
1114	44
1115	44
1116	44
1117	64
1118	64
1119	64
1119	1
1120	53
1121	53
1122	59
1123	59
1124	59
1125	67
1126	61
1127	67
1127	22
1128	64
1128	15
1129	35
1129	70
1130	8
1130	6
1131	35
1131	6
1132	73
1132	36
1133	62
1134	13
1134	38
1135	48
1136	26
1136	59
1137	59
1137	12
1138	64
1139	64
1140	64
1141	64
1142	53
1143	56
1143	64
1143	22
1144	56
1144	64
1144	22
1145	8
1145	6
1146	64
1146	1
1147	64
1147	1
1148	47
1149	47
1150	47
1151	47
1152	48
1153	59
1154	41
1155	34
1156	34
1156	70
1157	12
1158	15
1159	39
1160	39
1161	39
1162	39
1163	15
1164	15
1165	15
1166	32
1166	38
1167	38
1167	31
1168	38
1168	31
1169	27
1169	38
1170	27
1170	38
1171	26
1171	38
1172	38
1173	38
1174	38
1175	38
1176	38
1177	28
1177	38
1178	29
1178	38
1179	28
1179	38
1180	38
1180	30
1181	28
1181	38
1182	79
1183	8
1183	79
1184	8
1184	79
1185	8
1185	79
1186	52
1187	52
1188	52
1189	52
1189	55
1190	52
1190	55
1191	52
1191	55
1192	65
1192	14
1193	5
1193	14
1194	65
1194	3
1195	34
1195	3
1196	38
1197	64
1198	64
1199	64
1200	15
1200	39
1201	15
1201	39
1202	39
1203	15
1204	15
1205	15
1205	39
1206	15
1207	15
1208	15
1209	15
1210	38
1211	38
1212	38
1213	38
1214	58
1214	39
1215	58
1215	39
1216	58
1216	39
1217	11
1218	11
1219	11
1220	11
1221	36
1222	41
1223	15
1224	40
1225	26
1226	36
1227	9
1227	39
1228	9
1228	34
1229	39
1230	46
1231	13
1231	15
1232	6
1232	15
1233	7
1233	15
1234	6
1234	15
1235	6
1235	15
1236	34
1236	61
1237	34
1237	61
1237	22
1238	64
1238	61
1238	22
1239	26
1240	36
1240	15
1241	44
1242	57
1243	44
1244	42
1244	44
1245	65
1245	6
1246	58
1247	58
1248	58
1249	58
1250	45
1251	56
1252	56
1253	56
1254	35
1255	33
1255	35
1256	33
1256	61
1257	33
1257	61
1258	38
1259	22
1260	22
1261	11
1261	61
1262	11
1262	61
1263	11
1263	61
1264	15
1265	39
1266	39
1267	15
1268	34
1269	3
1269	22
1270	58
1270	15
1271	58
1271	15
1272	8
1272	15
1273	88
1274	11
1275	6
1276	34
1277	39
1278	34
1279	39
1280	46
1281	8
1281	15
1282	8
1282	15
1283	8
1283	25
1284	39
1285	39
1286	39
1287	39
1288	15
1289	15
1290	15
1291	36
1291	15
1292	36
1292	15
1293	15
1294	15
1295	15
1296	15
1297	8
1297	41
1298	8
1298	41
1299	41
1299	12
1300	41
1300	12
1301	22
1301	15
1302	59
1303	59
1304	53
1305	1
1305	43
1306	48
1307	36
1307	15
1308	46
1309	46
1310	46
1311	46
1312	1
1312	61
1313	1
1314	15
1315	6
1316	6
1317	89
1318	13
1318	15
1319	13
1319	15
1320	13
1320	15
1321	15
1322	15
1323	15
1324	15
1325	15
1326	28
1327	59
1328	59
1329	59
1330	28
1331	29
1332	28
1332	22
1333	28
1333	22
1334	59
1335	78
1336	78
1337	78
1338	5
1339	22
1340	28
1341	43
1341	38
1342	43
1342	15
1343	44
1343	15
1344	30
1344	15
1345	8
1346	8
1347	8
1348	8
1349	59
1350	59
1350	22
1351	59
1351	22
1352	59
1352	22
1353	59
1354	79
1355	79
1356	79
1357	79
1358	79
1359	9
1360	43
1361	6
1362	75
1363	67
1364	67
1364	22
1365	67
1365	22
1366	67
1366	22
1367	67
1367	22
1368	67
1368	22
1369	46
1370	34
1371	70
1372	46
1373	3
1374	3
1375	3
1376	3
1377	3
1378	33
1379	59
1380	59
1380	22
1381	59
1381	22
1382	59
1382	22
1383	49
1384	22
1385	60
1386	60
1387	60
1388	60
1389	60
1390	38
1391	3
1391	22
1392	3
1392	22
1393	61
1394	61
1395	35
1395	36
1396	59
1397	2
1397	28
1398	2
1398	28
1399	34
1400	34
1401	34
1402	34
1403	5
1404	5
1405	5
1406	48
1406	7
1407	6
1407	71
1408	53
1409	39
1410	39
1411	39
1412	15
1413	15
1414	40
1415	40
1416	40
1417	38
1418	35
1419	6
1419	15
1420	15
1421	15
1422	72
1422	35
1423	22
1424	22
1425	15
1426	58
1427	48
1427	58
1428	22
1429	22
1430	22
1431	22
1432	22
1433	22
1434	22
1435	22
1436	22
1437	22
1438	25
1439	25
1440	25
1441	25
1442	25
1442	11
1443	49
1443	36
1444	22
1445	22
1446	22
1447	22
1448	22
1449	22
1450	22
1451	36
1452	64
1452	12
1453	90
1454	76
1455	60
1456	52
1456	36
1456	22
1457	52
1457	36
1457	22
1458	26
1458	52
1459	61
1459	7
1460	5
1461	26
1461	15
1462	36
1462	15
1463	41
1463	26
1464	41
1464	36
1465	39
1466	39
1467	39
1468	39
1469	15
1470	15
1471	15
1472	69
1472	15
1473	69
1473	15
1474	35
1474	15
1475	32
1475	34
1476	22
1477	3
1477	91
1478	65
1478	38
1479	65
1479	38
1480	65
1480	38
1481	22
1482	22
1483	14
1484	68
1485	59
1486	5
1487	5
1488	5
1489	5
1490	5
1491	12
1492	36
1492	52
1493	52
1494	52
1495	52
1496	52
1497	52
1498	52
1499	52
1500	13
1501	22
1502	22
1503	22
1504	22
1505	22
1506	22
1507	22
1508	22
1509	22
1510	22
1511	22
1512	22
1513	22
1514	22
1515	22
1516	22
1517	22
1518	30
1519	45
1520	45
1520	22
1521	45
1521	22
1522	35
1523	35
1524	35
1525	66
1526	66
1527	66
1528	66
1529	52
1530	72
1531	72
1532	59
1533	64
1533	1
1534	59
1535	59
1536	59
1537	59
1538	59
1539	35
1540	35
1541	35
1542	93
1543	14
1544	59
1545	60
1546	60
1547	60
1548	1
1549	1
1550	1
1551	94
1552	94
1553	94
1554	66
1555	34
1556	34
1557	34
1558	34
1559	34
1560	40
1561	14
1562	14
1563	22
1564	46
1565	46
1566	46
1567	46
1568	46
1569	46
1570	30
1571	35
1572	59
1573	59
1574	6
1575	6
1575	22
1576	6
1576	22
1577	48
1578	48
1578	22
1579	48
1579	22
1580	48
1580	22
1581	59
1582	36
1583	59
1584	59
1585	59
1586	59
1587	95
1588	45
1589	35
1590	1
1591	15
1592	15
1593	22
1593	15
1594	15
1595	15
1596	15
1597	15
1598	15
1599	15
1600	41
1600	55
1601	41
1601	55
1602	55
1602	15
1603	11
1604	94
1605	76
1606	14
1607	14
1608	76
1609	27
1610	27
1610	22
1611	27
1611	22
1612	22
1613	22
1614	22
1615	74
1616	74
1617	5
1618	5
1619	74
1620	73
1621	86
1622	73
1623	73
1624	73
1625	46
1626	46
1627	46
1628	46
1629	46
1630	46
1631	59
1632	59
1633	59
1634	14
1635	14
1636	14
1637	14
1638	50
1639	66
1640	46
1641	70
1642	70
1643	46
1644	68
1645	5
1646	68
1647	5
1648	5
1649	5
1650	68
1651	5
1652	5
1653	5
1654	68
1655	5
1656	5
1657	59
1658	59
1659	59
1660	59
1661	70
1662	70
1663	70
1664	70
1665	35
1666	71
1667	59
1668	59
1669	59
1670	59
1671	59
1672	3
1673	3
1674	3
1675	3
1676	3
1677	47
1678	70
1679	15
1680	22
1681	73
1681	69
1682	72
1683	46
1684	61
1685	76
1686	70
1687	70
1688	70
1689	35
1690	35
1691	66
1692	66
1693	66
1694	59
1695	59
1696	59
1697	59
1698	59
1699	94
1700	94
1701	94
1702	12
1703	14
1704	14
1705	14
1706	14
1707	13
1708	13
1709	43
1710	43
1711	43
1712	50
1713	94
1714	94
1715	94
1716	48
1717	48
1718	48
1719	35
1720	92
1721	92
1722	92
1723	66
1724	66
1725	66
1726	66
1727	66
1728	66
1729	22
1730	22
1731	22
1732	22
1733	22
1734	34
1735	47
1736	34
1737	47
1738	34
1739	6
1740	6
1740	22
1741	6
1741	22
1742	6
1742	22
1743	62
1744	62
1745	62
1746	62
1747	48
1748	48
1749	48
1750	48
1751	68
1752	68
1753	12
1754	12
1755	55
1756	22
1757	22
1758	22
1759	22
1760	22
1761	22
1762	22
1763	22
1764	22
1765	22
1766	22
1767	22
1768	13
1769	22
1770	22
1771	22
1772	22
1773	62
1774	62
1775	62
1776	62
1777	62
1778	62
1779	62
1780	13
1781	59
1782	59
1783	71
1784	71
1785	71
1786	22
1787	22
1788	59
1789	59
1790	15
1791	48
1792	26
1793	52
1794	37
1795	22
1796	22
1797	22
1798	22
1799	22
1800	22
1801	22
1802	22
1803	22
1804	22
1805	22
1806	22
1807	31
1808	31
1809	37
1810	15
1811	72
1812	72
1813	72
1814	55
1815	55
1816	55
1817	55
1818	52
1818	22
1819	52
1819	22
1820	52
1820	22
1821	52
1821	22
1822	52
1822	22
1823	30
1823	22
1824	30
1824	22
1825	30
1826	22
1827	22
1828	22
1829	22
1830	22
1831	22
1832	22
1833	22
1834	22
1835	22
1836	22
1837	22
1838	22
1839	22
1840	22
1841	22
1842	22
1843	22
1844	22
1845	14
1846	14
1847	22
1848	22
1849	22
1850	22
1851	14
1852	14
1853	62
1854	62
1855	62
1856	62
1857	62
1858	62
1859	62
1860	22
1861	1
1862	1
1862	22
1863	1
1863	22
1864	1
1864	22
1865	70
1866	70
1867	22
1868	70
1869	70
1870	70
1871	22
1872	22
1873	72
1874	72
1875	22
1876	22
1877	60
1878	60
1879	60
1880	60
1881	60
1882	22
1883	61
1884	61
1885	60
1886	60
1887	60
1888	15
1889	15
1890	35
1891	38
1891	22
1892	9
1893	9
1894	40
1895	40
1896	12
1897	12
1898	12
1899	69
1900	69
1901	69
1902	22
1903	22
1904	59
1905	59
1906	59
1907	22
1908	22
1909	22
1910	22
1911	22
1912	22
1913	22
1914	22
1915	22
1916	22
1917	53
1918	49
1919	59
1920	22
1921	22
1922	22
1923	22
1924	51
1925	51
1926	51
1927	51
1928	51
1929	51
1930	64
1931	22
1932	22
1933	22
1934	22
1935	22
1936	22
1937	22
1938	6
1939	6
1940	6
1941	6
1942	12
1943	12
1944	22
1945	22
1946	22
1947	22
1948	22
1949	50
1949	22
1950	50
1950	22
1951	50
1951	22
1952	22
1953	22
1954	22
1955	22
1956	22
1957	22
1958	22
1959	22
1960	22
1961	22
1962	22
1963	22
1964	22
1965	22
1966	22
1967	22
1968	22
1969	22
1970	22
1971	22
1972	22
1973	22
1974	22
1975	22
1976	22
1977	22
1978	22
1979	22
1980	22
1981	22
1982	22
1983	22
1984	22
1985	22
1986	22
1987	22
1988	22
1989	22
1990	22
1991	22
1992	22
1993	22
1994	22
1995	22
1996	22
1997	22
1998	22
1999	22
2000	22
2001	22
2002	22
2003	22
2004	22
2005	59
2005	22
2006	59
2007	59
2008	73
2009	76
2010	76
2011	50
2012	50
2013	50
2014	50
2015	73
2016	73
2017	62
2018	22
2019	22
2020	22
2021	22
2022	22
2023	15
2024	15
2025	15
2026	22
2027	22
2028	22
2029	22
2030	22
2031	22
2032	22
2033	77
2034	77
2035	7
2036	35
2037	77
2038	22
2039	22
2040	22
2041	22
2042	22
2043	22
2044	22
2045	22
2046	59
2047	59
2048	59
2049	59
2050	59
2051	22
2052	22
2053	22
2054	22
2055	22
2056	22
2057	22
2058	22
2059	22
2060	22
2061	22
2062	22
2063	22
2064	22
2065	22
2066	22
2067	22
2068	22
2069	22
2070	22
2071	22
2072	22
2073	22
2074	22
2075	22
2076	22
2077	22
2078	22
2079	22
2080	22
2081	22
2082	22
2083	22
2084	26
2085	74
2086	59
2087	53
2088	22
2089	22
2090	22
2091	22
2092	45
2093	45
2094	45
2095	22
2096	22
2097	22
2098	22
2099	22
2100	22
2101	22
2102	22
2103	22
2104	22
2105	22
2106	22
2107	22
2108	22
2109	22
2110	22
2111	22
2112	22
2113	22
2114	22
2115	22
2116	22
2117	22
2118	22
2119	22
2120	22
2121	22
2122	22
2123	22
2124	22
2125	36
2125	22
2126	36
2126	22
2127	22
2128	22
2129	22
2130	22
2131	22
2132	22
2133	22
2134	37
2135	37
2136	37
2137	31
2138	37
2139	37
2140	37
2141	37
2142	37
2143	32
2144	68
2145	28
2146	68
2147	69
2148	79
2149	28
2150	79
2151	28
2152	28
2153	28
2154	22
2155	22
2156	22
2157	22
2158	22
2159	22
2160	22
2161	22
2162	22
2163	22
2164	22
2165	22
2166	22
2167	22
2168	22
2169	22
2170	22
2171	22
2172	22
2173	53
2174	50
2175	53
2176	34
2177	53
2178	12
2179	30
2180	62
2181	62
2182	22
2183	22
2184	22
2185	22
2186	22
2187	22
2188	22
2189	22
2190	94
2191	94
2192	15
2193	15
2194	15
2195	15
2196	15
2197	15
2198	15
2199	15
2200	15
2201	15
2202	15
2203	15
2204	38
2205	38
2206	38
2207	38
2208	38
2209	38
2210	38
2211	38
2212	38
2213	38
2214	38
2215	38
2216	38
2217	38
2218	38
2219	73
2220	73
2221	44
2222	62
2223	73
2224	26
2224	22
2225	26
2225	22
2226	64
2227	64
2228	70
2229	48
2230	48
2231	48
2232	70
2233	53
2234	53
2235	53
2236	22
2237	22
2238	59
2239	59
2240	59
2241	59
2242	22
2243	22
2244	22
2245	22
2246	22
2247	22
2248	22
2249	22
2250	22
2251	22
2252	22
2253	22
2254	22
2255	22
2256	22
2257	22
2258	22
2259	53
2259	22
2260	53
2260	22
2261	53
2261	22
2262	78
2263	78
2264	78
2265	78
2266	1
2267	22
2268	22
2269	22
2270	22
2271	22
2272	22
2273	22
2274	22
2275	22
2276	22
2277	3
2278	22
2279	22
2280	22
2281	22
2282	22
2283	22
2284	22
2285	35
2286	22
2287	22
2288	22
2289	22
2290	22
2291	22
2292	22
2293	52
2294	52
2295	52
2296	22
2297	22
2298	22
2299	22
2300	22
2301	22
2302	22
2303	22
2304	22
2305	22
2306	22
2307	22
2308	22
2309	22
2310	22
2311	22
2312	22
2313	22
2314	22
2315	22
2316	22
2317	22
2318	22
2319	22
2320	22
2321	22
2322	22
2323	22
2324	22
2325	22
2326	22
2327	22
2328	22
2329	22
2330	12
2331	12
2332	22
2333	22
2334	22
2335	100
2336	100
2337	100
2338	35
2339	100
2340	22
2341	22
2342	22
2343	22
2344	22
2345	22
2346	22
2347	22
2348	22
2349	22
2350	73
2351	4
2352	22
2353	6
2354	22
2355	22
2356	22
2357	22
2358	22
2359	22
2360	22
2361	22
2362	22
2363	22
2364	22
2365	22
2366	22
2367	22
2368	22
2369	22
2370	22
2371	22
2372	22
2373	22
2374	22
2375	22
2376	22
2377	22
2378	22
2379	22
2380	22
2381	22
2382	55
2383	62
2384	61
2385	61
2386	61
2387	61
2388	12
2389	22
2390	28
2391	55
2392	57
2393	22
2394	22
2395	35
2396	79
2397	68
2398	79
2399	79
2400	68
2401	79
2402	79
2403	79
2404	68
2405	79
2406	71
2407	35
2408	71
2409	35
2410	71
2411	35
2412	71
2413	35
2414	22
2415	22
2416	22
2417	22
2418	22
2419	22
2420	22
2421	22
2422	22
2423	22
2424	22
2425	22
2426	22
2427	28
2428	28
2428	22
2429	28
2429	22
2430	28
2430	22
2431	28
2431	22
2432	22
2433	14
2434	14
2435	14
2436	14
2437	14
2438	59
2439	59
2440	59
2441	22
2442	22
2443	3
2444	22
2445	37
2446	32
2447	37
2448	37
2449	37
2450	37
2451	37
2452	32
2453	37
2454	46
2455	46
2456	46
2457	35
2458	35
2459	69
2460	26
2461	95
2462	95
2463	22
2464	22
2465	22
2466	22
2467	22
2468	22
2469	22
2470	22
2471	22
2472	22
2473	22
2474	22
2475	94
2476	94
2477	94
2478	22
2479	22
2480	22
2481	22
2482	72
2483	72
2484	12
2485	101
2486	12
2487	12
2488	12
2489	22
2490	73
2491	86
2492	73
2493	73
2494	59
2495	59
2496	59
2497	59
2497	22
2498	59
2498	22
2499	59
2499	22
2500	22
2501	22
2502	22
2503	22
2504	22
2505	22
2506	22
2507	22
2508	22
2509	76
2510	76
2511	76
2512	76
2513	88
2513	2
2514	88
2514	2
2515	2
2515	26
2516	22
2517	22
2518	22
2519	22
2520	22
2521	22
2522	22
2523	22
2524	22
2525	22
2526	22
2527	22
2528	22
2529	22
2530	22
2531	22
2532	22
2533	22
2534	22
2535	22
2536	22
2537	22
2538	22
2539	22
2540	22
2541	22
2542	22
2543	22
2544	22
2545	22
2546	22
2547	22
2548	22
2549	22
2550	22
2551	22
2552	22
2553	22
2554	22
2555	22
2556	22
2557	22
2558	22
2559	22
2560	22
2561	22
2562	22
2563	22
2564	22
2565	22
2566	22
2567	22
2568	22
2569	22
2570	22
2571	22
2572	22
2573	22
2574	22
2575	22
2576	22
2577	14
2578	14
2579	14
2580	22
2581	22
2582	22
2583	40
2584	4
2585	53
2586	28
2587	22
2588	22
2589	22
2590	22
2591	15
2592	15
2593	15
2594	15
2595	6
2596	6
2597	35
2598	15
2598	55
2599	15
2599	55
2600	22
2601	22
2602	69
2603	22
2604	22
2605	22
2606	22
2607	22
2608	22
2609	22
2610	22
2611	22
2612	22
2613	22
2614	22
2615	22
2616	22
2617	22
2618	22
2619	26
2620	26
2621	14
2622	101
2623	3
2624	3
2625	3
2626	3
2627	3
2628	8
2629	62
2630	78
2631	30
2632	38
2633	53
2634	87
2635	68
2636	79
2637	79
2638	79
2639	57
2640	79
2641	22
2642	57
2643	68
2644	57
2645	57
2646	98
2647	57
2648	57
2649	57
2650	57
2651	22
2652	22
2653	22
2654	22
2655	22
2656	22
2657	22
2658	22
2659	22
2660	22
2661	22
2662	22
2663	22
2664	22
2665	22
2666	22
2667	22
2668	22
2669	22
2670	22
2671	22
2672	22
2673	22
2674	22
2675	22
2676	22
2677	22
2678	22
2679	22
2680	22
2681	22
2682	22
2683	22
2684	22
2685	22
2686	22
2687	22
2688	22
2689	22
2690	22
2691	22
2692	22
2693	22
2694	22
2695	22
2696	22
2697	22
2698	22
2699	22
2700	22
2701	22
2702	22
2703	22
2704	22
2705	22
2706	22
2707	22
2708	22
2709	22
2710	22
2711	22
2712	22
2713	22
2714	22
2715	22
2716	22
2717	22
2718	22
2719	22
2720	22
2721	22
2722	22
2723	22
2724	22
2725	22
2726	22
2727	22
2728	22
2729	22
2730	22
2731	22
2732	22
2733	22
2734	22
2735	22
2736	22
2737	22
2738	22
2739	22
2740	13
2741	61
2742	59
2743	59
2744	53
2745	50
2746	57
2747	12
2748	12
2749	12
2750	8
2751	8
2752	8
2753	57
2754	55
2755	55
2756	55
2757	61
2758	99
2759	72
2760	101
2761	101
2762	101
2763	14
2764	14
2765	68
2766	50
2767	77
2768	77
2769	77
2770	77
2771	6
2772	6
2773	44
2774	44
2775	44
2776	44
2777	88
2778	55
2779	55
2780	55
2781	22
2782	22
2783	89
2784	89
2785	89
2786	92
2787	92
2788	92
2789	92
2790	92
2791	15
2792	61
2793	61
2794	61
2795	61
2796	53
2797	22
2798	22
2799	22
2800	22
2801	22
2802	22
2803	57
2804	35
2805	35
2806	35
2807	57
2808	57
2809	57
2810	57
2811	48
2812	55
2813	72
2814	55
2815	55
2816	51
2817	22
2818	22
2819	22
2820	22
2821	22
2822	22
2823	22
2824	22
2825	22
2826	22
2827	22
2828	22
2829	72
2830	72
2831	22
2832	22
2833	22
2834	28
2835	59
2836	59
2837	59
2838	22
2839	22
2840	22
2841	22
2842	22
2843	22
2844	22
2845	22
2846	22
2847	22
2848	22
2849	22
2850	22
2851	22
2852	22
2853	22
2854	22
2855	22
2856	22
2857	22
2858	22
2859	22
2860	22
2861	22
2862	22
2863	22
2864	22
2865	22
2866	22
2867	61
2868	61
2869	61
2870	61
2871	61
2872	22
2873	22
2874	22
2875	22
2876	22
2877	22
2878	22
2879	22
2880	22
2881	22
2882	22
2883	22
2884	4
2885	4
2886	22
2887	22
2888	22
2889	22
2890	22
2891	22
2892	22
2893	22
2894	22
2895	22
2896	22
2897	22
2898	22
2899	22
2900	22
2901	22
2902	22
2903	22
2904	22
2905	22
2906	22
2907	22
2908	22
2909	22
2910	22
2911	22
2912	22
2913	22
2914	22
2915	22
2916	3
2917	22
2918	22
2919	22
2920	22
2921	22
2922	22
2923	22
2924	22
2925	22
2926	22
2927	22
2928	22
2929	26
2930	22
2931	22
2932	22
2933	22
2934	22
2935	22
2936	22
2937	22
2938	22
2939	22
2940	22
2941	22
2942	22
2943	22
2944	22
2945	22
2946	22
2947	22
2948	22
2949	22
2950	39
2951	26
2952	22
2953	22
2954	22
2955	22
2956	22
2957	22
2958	22
2959	22
2960	22
2961	22
2962	22
2963	22
2964	22
2965	22
2966	5
2967	5
2968	5
2969	5
2970	22
2971	22
2972	22
2973	22
2974	46
2975	15
2976	22
2977	102
2978	15
2979	15
2980	61
2981	61
2982	22
2983	22
2984	22
2985	22
2986	22
2987	22
2988	92
2989	92
2990	92
2991	22
2992	22
2993	22
2994	22
2995	22
2996	22
2997	22
2998	22
2999	22
3000	22
3001	22
3002	22
3003	22
3004	22
3005	22
3006	22
3007	22
3008	22
3009	22
3010	22
3011	22
3012	22
3013	22
3014	22
3015	22
3016	22
3017	22
3018	22
3019	22
3020	22
3021	22
3022	22
3023	22
3024	22
3025	22
3026	22
3027	26
3028	27
3029	38
3030	38
3031	38
3032	38
3033	38
3034	38
3035	38
3036	35
3037	22
3038	22
3039	22
3040	22
3041	22
3042	22
3043	22
3044	22
3045	22
3046	22
3047	22
3048	22
3049	22
3050	22
3051	22
3052	22
3053	22
3054	22
3055	22
3056	22
3057	22
3058	22
3059	22
3060	22
3061	22
3062	22
3063	22
3064	22
3065	22
3066	22
3067	22
3068	22
3069	22
3070	22
3071	22
3072	22
3073	22
3074	22
3075	22
3076	22
3077	22
3078	22
3079	22
3080	22
3081	22
3082	22
3083	22
3084	22
3085	22
3086	22
3087	22
3088	22
3089	22
3090	22
3091	22
3092	22
3093	22
3094	22
3095	22
3096	22
3097	22
3098	22
3099	22
3100	53
3101	22
3102	22
3103	61
3103	22
3104	61
3104	22
3105	61
3105	22
3106	61
3106	22
3107	61
3107	22
3108	22
3109	22
3110	22
3111	22
3112	22
3113	22
3114	22
3115	22
3116	22
3117	22
3118	12
3119	22
3120	22
3121	22
3122	55
3123	55
3124	38
3125	38
3126	38
3127	22
3128	62
3129	62
3130	50
3131	50
3132	50
3133	50
3134	50
3135	50
3136	22
3137	22
3138	22
3139	22
3140	22
3141	22
3142	15
3143	15
3144	22
3145	22
3146	22
3147	22
3148	22
3149	22
3150	22
3151	22
3152	22
3153	22
3154	22
3155	22
3156	22
3157	27
3158	26
3159	22
3160	22
3161	22
3162	22
