1	1;2;179;181
2	15;2;182
3	14;2;179;183
4	9;2;179;184
5	8;2;179;181
6	9;2;179;182
7	11;7;179;183
8	20;21;179;184
9	13;2;179;183
10	17;7;182
11	15;2;181
12	1;2;182
13	1;2;183
14	8;2;184
15	14;2;181
16	20;21;182
17	19;2;183
18	5;2;179;184
19	20;21;183
20	10;7;179;182
21	9;2;179;181
22	6;7;179;182
23	8;2;183
24	6;7;184
25	6;7;181
26	6;7;182
27	4;2;179;183
28	4;2;183
29	13;2;179;182
30	3;2;179;182
31	5;2;179;181
32	6;7;183
33	8;2;182
34	3;2;182
35	10;7;179;183
36	11;7;181
37	4;2;181
38	5;2;179;182
39	16;2;183
40	13;2;179;184
41	17;7;179;182
42	6;7;179;183
43	22;2;182
44	15;2;179;182
45	20;21;179;183
46	17;7;183
47	14;2;179;182
48	17;7;185
49	4;2;185
50	9;2;181
51	12;2;183
52	15;2;185
53	22;2;185
54	1;2;185
55	5;2;179;183
56	11;7;183
57	17;7;184
58	8;2;185
59	6;7;185
60	20;21;181
61	15;2;183
62	13;2;185
63	10;7;181
64	12;2;185
65	14;2;185
66	4;2;182
67	22;2;183
68	1;2;179;184
69	18;7;179;182
70	22;2;181
71	22;2;179;183
72	4;2;184
73	10;7;182
74	12;2;182
75	13;2;181
76	14;2;183
77	10;7;179;181
78	16;2;179;182
79	20;21;185
80	8;2;181
81	9;2;183
82	19;2;181
83	12;2;179;182
84	8;2;179;183
85	5;2;181
86	16;2;179;181
87	13;2;183
88	6;7;179;181
89	14;2;182
90	5;2;182
91	8;2;179;182
92	18;7;181
93	14;2;179;181
94	9;2;185
95	3;2;183
96	18;7;185
97	22;2;179;182
98	9;2;184
99	10;7;183
100	9;2;182
101	15;2;184
102	15;2;179;183
103	19;2;185
104	3;2;185
105	10;7;185
106	17;7;181
107	24;25;183;181
108	31;32;185;183
109	24;33;184;183
110	51;24;26;181;185
111	28;29;184;183
112	24;40;181;185
113	38;39;183;185
114	24;41;181;185
115	44;49;185;181
116	31;32;183;185
117	51;24;33;181;182
118	24;25;181;183
119	31;42;185;181
120	36;32;185;181
121	28;29;181;183
122	27;24;26;183;184
123	27;24;40;185;183
124	30;34;35;183;185
125	23;24;25;183;184
126	24;48;181;185
127	24;50;184;185
128	44;45;185;184
129	27;31;32;181;185
130	36;37;185;183
131	24;33;183;181
132	28;32;185;183
133	30;34;35;181;185
134	24;43;184;185
135	23;24;25;183;181
136	183;185;24;26
137	24;33;185;183
138	24;48;181;183
139	24;33;184;185
140	28;29;181;185
141	23;24;25;185;181
142	24;33;181;185
143	44;45;183;185
144	23;46;47;185;181
145	27;24;26;181;183
146	34;35;185;181
147	24;40;183;181
148	24;41;183;185
149	27;28;29;185;183
150	24;25;185;183
151	30;24;50;185;183
152	31;32;181;185
153	24;40;184;181
154	27;38;39;185;184
155	179;38;39;181;185
156	36;37;184;183
157	24;41;183;181
158	34;42;184;183
159	30;36;37;181;183
160	46;47;184;182
161	24;25;182;183
162	30;38;39;184;182
163	31;32;184;181
164	44;45;183;182
165	24;48;184;181
166	179;38;39;184;182
167	24;33;182;181
168	24;26;181;184
169	30;28;29;184;183
170	24;43;184;181
171	30;34;35;184;181
172	36;37;182;183
173	31;32;184;183
174	179;44;45;181;183
175	182;24;40;184
176	30;179;34;35;184;181
177	30;34;35;183;182
178	31;32;182;181
179	27;46;47;181;183
180	28;29;182;183
181	38;39;182;181
182	44;45;184;182
183	38;39;181;183
184	27;179;24;25;182;184
185	27;24;33;182;183
186	34;35;184;182
187	30;34;35;182;181
188	24;26;182;181
189	51;24;33;183;182
190	24;26;183;184
191	24;41;182;181
192	31;32;183;182
193	24;40;181;182
194	24;43;182;183
195	34;42;181;182
196	27;24;48;181;182
197	24;40;183;184
198	23;24;25;183;182
199	27;34;35;182;181
200	44;45;181;182
201	34;42;183;182
202	184;183;31;32
203	30;34;42;182;181
204	24;26;183;182
205	30;38;39;181;182
206	30;24;48;181;182
207	30;34;35;181;182
208	28;29;183;184
209	28;37;183;182
210	34;35;184;183
211	24;43;185;183
212	24;26;181;183
213	31;32;184;185
214	23;179;24;25;183;185
215	36;37;181;185
216	23;24;33;183;185
217	30;31;32;185;181
218	24;26;185;181
219	38;39;185;181
220	24;43;183;181
221	30;36;32;183;185
222	179;44;45;183;185
223	30;179;38;39;183;185
224	34;35;183;185
225	30;36;37;184;181
226	24;50;185;184
227	44;45;181;185
228	179;28;29;184;183
229	34;35;183;181
230	38;39;185;183
231	30;38;39;184;183
232	179;46;47;183;181
233	24;25;182;184
234	24;26;184;182
235	179;34;35;184;182
236	24;43;183;182
237	30;31;32;181;184
238	24;40;184;182
239	179;46;47;182;181
240	28;29;181;184
241	24;25;184;183
242	44;45;184;181
243	30;38;39;181;183
244	30;34;42;181;183
245	24;33;183;184
246	34;35;181;183
247	30;28;37;182;184
248	24;41;183;182
249	30;28;29;182;181
250	31;32;181;183
251	30;34;42;183;182
252	183;181;24;25
253	30;24;33;185;183
254	184;183;24;40
255	181;185;24;48
256	184;183;24;33
257	181;185;27;24;26
258	183;185;23;24;25
259	183;185;30;31;32
260	185;181;28;29
261	183;185;24;43
262	24;40;181;183
263	185;181;31;32
264	36;37;185;181
265	31;32;183;181
266	183;184;36;37
267	44;45;185;183
268	38;39;183;184
269	34;35;181;185
270	44;45;184;185
271	183;181;31;32
272	185;183;30;36;37
273	185;183;30;34;35
274	181;185;30;34;35
275	34;35;185;184
276	24;50;181;183
277	30;24;43;183;184
278	46;47;183;185
279	30;24;26;181;183
280	30;44;45;183;184
281	24;40;185;181
282	38;39;181;185
283	46;47;183;181
284	181;184;34;35
285	31;42;185;183
286	24;43;185;181
287	44;45;185;181
288	30;34;42;185;181
289	31;42;183;184
290	24;41;185;181
291	30;28;29;185;181
292	30;34;35;181;183
293	34;42;185;183
294	24;40;185;183
295	46;47;181;184
296	23;24;33;185;181
297	27;24;26;185;183
298	36;37;181;183
299	34;35;184;185
300	24;40;183;185
301	30;34;35;185;181
302	179;24;43;183;185
303	31;32;185;181
304	27;24;41;185;181
305	28;42;183;181
306	30;31;32;185;183
307	44;49;185;183
308	30;179;28;29;185;184
309	27;46;47;183;181
310	30;179;34;35;185;183
311	179;24;41;185;183
312	34;42;185;181
313	24;26;182;184
314	24;40;182;183
315	23;24;33;184;182
316	38;39;184;182
317	24;43;181;182
318	30;24;33;181;184
319	24;50;184;183
320	27;179;38;39;184;181
321	179;34;35;183;181
322	27;46;47;183;184
323	179;28;29;182;184
324	27;179;24;26;184;181
325	179;34;42;183;182
326	34;42;182;181
327	24;43;181;183
328	31;32;182;183
329	36;37;182;181
330	31;32;184;182
331	44;45;183;181
332	34;42;182;184
333	179;24;40;182;183
334	24;43;184;182
335	30;34;42;184;181
336	24;43;182;184
337	30;34;35;184;182
338	24;26;184;181
339	24;40;183;182
340	30;179;28;29;183;182
341	179;34;35;181;184
342	24;43;184;183
343	30;179;28;29;184;181
344	179;24;40;181;183
345	30;24;25;181;183
346	27;24;26;182;184
347	34;35;183;182
348	24;50;182;183
349	27;24;41;183;181
350	31;32;182;184
351	36;37;184;181
352	179;24;33;183;181
353	24;33;181;183
354	24;26;184;185
355	24;25;185;181
356	24;25;181;185
357	30;36;37;181;185
358	24;25;183;185
359	30;24;40;185;181
360	30;179;34;42;185;181
361	28;29;183;185
362	179;34;35;185;183
363	30;24;40;185;183
364	24;50;184;181
365	30;28;29;184;185
366	34;42;181;185
367	34;35;183;184
368	30;179;38;39;183;181
369	179;34;35;181;185
370	28;45;184;183
371	30;31;32;183;181
372	30;31;49;182;184
373	34;42;184;182
374	30;179;38;39;184;181
375	27;179;28;29;184;181
376	30;24;43;182;184
377	44;45;182;181
378	24;41;181;184
379	27;36;37;181;183
380	30;24;40;183;184
381	24;40;182;184
382	30;31;32;184;181
383	30;31;32;181;183
384	30;34;35;182;183
385	36;37;184;182
386	24;48;182;183
387	30;24;40;183;182
388	24;40;182;181
389	24;26;184;183
390	179;28;29;184;181
391	28;29;184;181
392	30;44;45;182;184
393	27;24;43;184;181
394	24;33;183;182
395	31;37;184;182
396	28;29;183;181
397	30;34;35;182;184
398	27;24;25;184;181
399	24;41;182;184
400	24;50;184;182
401	23;24;33;184;181
402	24;25;182;181
403	38;37;181;184
404	34;35;184;181
405	38;39;184;181
406	30;31;32;183;182
407	38;39;182;183
408	34;35;182;184
409	24;41;182;183
410	23;24;33;183;181
411	179;44;45;182;183
412	28;29;184;182
413	24;41;184;181
414	30;28;29;184;182
415	30;44;45;181;184
416	34;42;184;181
417	51;24;33;181;183
418	44;45;181;183
419	30;179;31;32;182;184
420	28;37;184;181
421	24;25;183;182
422	34;32;182;181
423	28;37;181;183
424	27;46;47;183;182
425	30;44;45;182;181
426	179;24;48;183;181
427	30;24;26;182;183
428	23;24;25;184;183
429	27;179;28;45;181;182
430	30;179;31;32;181;183
431	23;24;33;182;184
432	30;179;34;35;183;182
433	30;28;49;181;182
434	23;24;33;181;183
435	36;37;183;182
436	38;37;182;181
437	30;24;40;183;181
438	179;34;42;182;183
439	30;36;32;183;182
440	30;31;32;181;182
441	31;32;181;182
442	38;37;182;183
443	24;33;182;184
444	24;26;182;183
445	24;50;183;182
446	23;24;25;184;181
447	30;179;38;39;184;182
448	24;43;182;181
449	31;32;181;184
450	38;39;184;183
451	179;44;45;184;181
452	30;31;42;183;184
453	30;28;29;181;183
454	27;44;45;182;184
455	30;34;42;181;184
456	30;24;25;183;182
457	30;28;37;182;181
458	179;24;50;183;181
459	44;45;182;183
460	28;29;181;182
461	38;39;183;181
462	179;28;29;184;182
463	179;24;25;183;181
464	179;28;29;183;184
465	24;50;185;183
466	23;24;25;181;183
467	38;39;184;185
468	30;24;33;183;185
469	30;31;32;184;183
470	179;34;42;185;181
471	51;24;33;185;181
472	31;42;183;185
473	46;47;185;183
474	24;26;185;183
475	27;36;37;183;181
476	24;43;185;184
477	24;40;184;183
478	27;179;44;45;184;185
479	30;34;35;184;183
480	30;24;25;182;181
481	27;38;39;183;182
482	30;24;45;183;184
483	27;24;43;182;181
484	24;26;181;182
485	38;39;181;182
486	24;41;183;184
487	46;47;182;181
488	28;29;183;182
489	30;34;42;182;183
490	30;34;42;181;182
491	23;24;33;181;182
492	30;24;41;184;183
493	30;44;45;183;182
494	30;34;35;183;184
495	24;41;185;183
496	23;24;25;183;185
497	179;31;32;181;185
498	24;50;183;185
499	28;29;185;183
500	179;24;26;181;185
501	24;25;184;181
502	24;26;185;184
503	31;42;183;181
504	179;31;32;185;183
505	28;35;184;183
506	23;24;25;181;184
507	179;44;45;185;183
508	24;33;183;185
509	179;46;47;181;185
510	179;34;35;183;184
511	30;38;39;184;181
512	28;32;181;184
513	44;45;181;184
514	179;31;32;183;185
515	24;43;181;184
516	179;38;39;184;181
517	179;36;37;185;183
518	24;50;182;184
519	46;47;182;183
520	30;31;32;184;182
521	27;28;45;184;182
522	24;41;184;183
523	24;33;184;181
524	34;42;182;183
525	24;33;184;182
526	24;48;183;181
527	24;50;183;181
528	24;40;184;185
529	23;24;25;181;185
530	30;28;29;181;185
531	24;50;185;181
532	30;179;31;32;185;184
533	30;34;42;181;185
534	27;36;37;183;184
535	36;37;183;181
536	30;36;37;185;183
537	34;35;185;183
538	179;44;45;181;185
539	51;24;26;183;181
540	27;24;25;184;183
541	27;179;44;45;181;182
542	34;42;183;184
543	23;24;25;181;182
544	36;37;181;184
545	44;49;183;184
546	34;35;182;181
547	23;24;33;182;181
548	28;29;182;181
549	27;24;26;183;181
550	30;34;42;184;183
551	30;36;37;183;182
552	30;46;47;181;184
553	24;25;181;184
554	38;39;183;182
555	30;24;33;184;181
556	31;42;181;183
557	27;24;48;183;184
558	24;48;182;184
559	27;24;26;183;182
560	179;34;42;183;181
561	27;36;37;184;182
562	23;24;33;183;184
563	179;24;50;184;183
564	28;32;181;183
565	36;37;182;184
566	24;50;183;184
567	30;179;28;47;181;182
568	23;179;24;25;182;181
569	36;32;182;181
570	27;24;40;183;181
571	36;37;183;184
572	51;24;26;183;182
573	30;31;42;184;182
574	23;24;25;182;184
575	27;36;37;184;183
576	30;28;29;181;182
577	30;38;39;182;181
578	30;31;42;181;182
579	24;33;182;183
580	44;45;183;184
581	27;38;37;182;181
582	24;33;181;182
583	36;37;181;182
584	179;31;32;183;181
585	46;47;184;183
586	27;24;40;181;183
587	24;25;181;182
588	24;40;181;184
589	179;24;48;183;184
590	24;41;181;183
591	27;24;41;182;181
592	179;44;49;183;181
593	24;43;183;184
594	34;35;182;183
595	30;38;39;182;184
596	179;34;42;181;183
597	28;45;183;184
598	23;24;33;184;185
599	24;26;183;185
600	30;179;31;32;181;185
601	34;42;181;183
602	27;24;43;185;183
603	24;26;181;185
604	30;24;25;181;185
605	30;31;32;181;185
606	27;24;25;185;183
607	30;24;33;181;185
608	179;38;39;183;181
609	179;38;39;185;183
610	24;43;181;185
611	23;179;28;47;183;181
612	30;179;34;35;182;183
613	27;44;45;181;183
614	179;36;37;182;183
615	179;34;35;183;182
616	30;24;26;183;181
617	179;28;29;181;185
618	179;46;39;181;183
619	24;41;184;185
620	27;24;26;181;185
621	36;37;183;185
622	27;24;50;185;183
623	179;44;49;185;183
624	36;37;184;185
625	179;34;42;181;185
626	30;34;35;181;184
627	179;34;42;183;185
628	34;35;181;184
629	179;31;32;183;184
630	30;24;41;183;182
631	23;24;25;184;182
632	27;24;40;184;181
633	30;44;45;181;183
634	184;181
635	27;24;25;181;183
636	179;24;43;182;184
637	179;34;35;182;181
638	27;34;42;184;182
639	179;31;45;182;183
640	179;46;47;183;182
641	179;31;32;184;182
642	179;31;32;184;181
643	179;46;47;181;183
644	30;34;42;183;184
645	30;31;32;182;184
646	179;28;29;183;182
647	38;37;184;182
648	30;24;43;185;183
649	179;38;39;181;183
650	30;28;29;183;185
651	34;42;183;185
652	30;179;31;32;185;181
653	30;24;33;185;181
654	30;34;42;185;184
655	44;49;181;185
656	24;26;183;181
657	30;36;32;185;183
658	23;179;24;33;185;183
659	24;48;184;183
660	23;179;24;25;181;185
661	27;28;45;181;185
662	27;24;43;183;185
663	28;37;183;184
664	30;31;42;185;183
665	30;36;37;183;184
666	46;47;184;185
667	30;28;29;185;184
668	30;28;37;185;183
669	27;34;42;183;181
670	28;42;185;183
671	27;179;24;41;181;185
672	30;34;35;184;185
673	31;45;183;181
674	31;45;184;182
675	179;24;41;184;181
676	24;50;181;184
677	179;34;42;184;181
678	24;25;183;184
679	30;24;43;183;182
680	28;43;181;183
681	179;38;39;182;181
682	30;44;45;181;185
683	24;48;185;181
684	179;24;25;181;183
685	28;29;184;185
686	24;50;181;185
687	30;38;39;181;185
688	31;32;185;184
689	30;31;42;184;183
690	24;48;185;183
691	30;179;46;47;185;183
692	30;179;38;39;185;183
693	179;24;45;181;184
694	31;32;183;184
695	30;36;37;182;181
696	30;24;33;181;183
697	27;44;45;184;182
698	24;48;184;182
699	30;28;29;181;184
700	179;34;35;181;183
701	53;185;183
702	52;185;183
703	54;185;183
704	56;184;181
705	52;184;181
706	54;184;181
707	56;181;185
708	52;181;185
709	55;181;185
710	54;183;184
711	52;183;184
712	53;184;181
713	53;181;185
714	54;181;185
715	53;184;183
716	54;184;183
717	55;184;183
718	55;184;181
719	56;184;183
720	52;184;183
721	179;56;181;185
722	179;54;184;183
723	52;185;181
724	179;52;185;181
725	179;52;184;183
726	53;185;184
727	52;185;184
728	54;185;184
729	56;181;184
730	53;181;184
731	52;181;184
732	53;183;185
733	54;183;185
734	52;183;185
735	56;185;181
736	53;185;181
737	54;185;181
738	54;181;184
739	56;183;184
740	53;183;184
741	55;183;184
742	56;181;184;182
743	52;181;184;182
744	54;181;184;182
745	52;183;182;184
746	55;183;182;184
747	56;183;182;181
748	53;183;182;181
749	54;183;182;181
750	52;183;182;181
751	53;184;183;182
752	54;184;183;182
753	52;184;183;182
754	56;184;181;182
755	52;184;181;182
756	179;52;184;181;182
757	53;181;182;183
758	52;181;182;183
759	53;183;184;182
760	54;183;184;182
761	56;182;181;183
762	52;182;181;183
763	55;182;181;183
764	53;182;181;183
765	58;185;181
766	55;185;181
767	58;184;183
768	58;183;185
769	53;182;183
770	179;53;182;183
771	55;182;183
772	179;53;184;183
773	53;181;182
774	54;181;182
775	179;52;183;184
776	53;183;182
777	54;183;182
778	55;181;182
779	53;181;183
780	55;181;183
781	56;181;182
782	179;52;181;182
783	179;53;181;182
784	56;184;185;183
785	57;184;185;183
786	52;184;185;183
787	53;185;184;181
788	52;185;184;181
789	53;185;181;183
790	57;185;181;183
791	52;185;181;183
792	56;181;183;185
793	54;181;183;185
794	52;181;183;185
795	53;185;184;183
796	57;185;184;183
797	52;185;184;183
798	58;181;182
799	52;181;182
800	179;54;181;182
801	58;182;183
802	54;182;183
803	52;183;182
804	58;183;182
805	179;54;183;182
806	53;182;181
807	58;182;181
808	54;182;181
809	58;183;184
810	52;182;181
811	179;55;182;181
812	57;183;182
813	57;182;181
814	56;182;181
815	179;52;182;181
816	57;182;183
817	179;57;181;184
818	55;181;184
819	56;182;183
820	57;181;182
821	179;57;181;182
822	179;53;184;181
823	57;184;181
824	52;183;181
825	53;183;181
826	56;185;184
827	55;185;184
828	56;185;183
829	55;185;183
830	179;56;183;184
831	179;52;181;185
832	179;54;181;185
833	56;183;185
834	179;53;183;185
835	55;183;185
836	179;58;185;183
837	58;181;185
838	179;58;184;183
839	58;184;181
840	52;182;183
841	55;183;182
842	52;185;186
843	58;185;186
844	54;185;186
845	53;183;185;184
846	57;183;185;184
847	179;55;183;185;184
848	53;183;185;181
849	52;183;185;181
850	55;183;185;181
851	179;53;185;184;183
852	55;185;184;183
853	53;184;181;183
854	52;184;181;183
855	57;184;181;183
856	52;184;181;185
857	57;184;181;185
858	54;185;184;183
859	56;185;183;181
860	53;185;183;181
861	52;185;183;181
862	54;184;185;181
863	55;185;181;183
864	53;181;183;184
865	52;181;183;184
866	54;181;183;184
867	55;182;181
868	179;56;183;182
869	54;179;184;183
870	179;54;183;185
871	179;52;184;181
872	179;52;181;184
873	179;53;185;183
874	58;181;184
875	179;58;181;182
876	56;183;182
877	179;57;183;182
878	179;54;182;181
879	179;54;183;184
880	54;181;182;183
881	52;184;182;181
882	55;184;182;181
883	57;181;184
884	56;182;181;184
885	52;182;181;184
886	54;182;181;184
887	57;184;183
888	179;53;185;181
889	179;54;182;183
890	179;55;181;182
891	179;58;183;185
892	179;58;183;184
893	58;185;183
894	179;55;182;183
895	179;52;183;182
896	179;52;182;184
897	56;182;184
898	54;182;184
899	179;53;182;181
900	179;53;183;184
901	53;182;184
902	55;182;184
903	56;184;185;181
904	52;184;185;181
905	53;184;185;183
906	185;183;54;184
907	185;183;56
908	57;185;183
909	57;185;181
910	53;183;181;184
911	52;183;181;184
912	57;183;181;184
913	179;57;182;181
914	179;56;181;184
915	54;182;181;183
916	57;182;181;183
917	53;184;182;181
918	57;184;182;181
919	179;55;181;185
920	179;56;182;181
921	183;184
922	182;183
923	183;182
924	179;52;182;183
925	179;55;183;182
926	60;56;185
927	60;57;185
928	60;54;185
929	64;56;185
930	64;54;185
931	64;57;185
932	59;52;183
933	59;57;183
934	59;54;183
935	60;56;181
936	60;57;181
937	60;54;181
938	59;56;183
939	59;55;183
940	64;55;185
941	66;179;56;181
942	66;179;57;181
943	66;179;52;181
944	64;52;185
945	60;53;181
946	60;55;181
947	63;179;52;181
948	63;179;57;181
949	60;179;53;185
950	60;179;57;185
951	60;179;52;185
952	66;179;53;183
953	66;179;57;183
954	66;179;55;183
955	59;179;56;183
956	59;179;57;183
957	59;179;55;183
958	60;56;182
959	60;54;182
960	66;53;181
961	66;52;181
962	59;56;184
963	59;52;184
964	59;54;184
965	60;52;182
966	63;179;53;183
967	63;179;52;183
968	63;179;55;183
969	60;179;52;184
970	60;179;54;184
971	67;179;52;182
972	67;179;54;182
973	59;53;183
974	64;53;181
975	64;56;181
976	64;52;181
977	63;53;183
978	63;54;183
979	63;55;183
980	63;179;56;183
981	63;179;54;183
982	64;56;184
983	64;52;184
984	64;55;184
985	68;56;184
986	68;53;184
987	68;55;184
988	60;53;182
989	66;179;56;184
990	66;179;52;184
991	65;53;181
992	65;52;181
993	65;54;181
994	64;179;56;182
995	64;179;52;182
996	64;179;54;182
997	63;56;181
998	63;54;181
999	63;179;56;181
1000	63;179;54;181
1001	59;53;185
1002	59;52;185
1003	69;179;56;185
1004	69;179;54;185
1005	69;179;52;185
1006	63;179;53;181
1007	65;56;185
1008	65;52;185
1009	65;54;185
1010	63;56;183
1011	63;52;183
1012	63;52;181
1013	183
1014	60;52;181
1015	64;53;183
1016	64;52;183
1017	67;53;183
1018	67;52;183
1019	67;54;183
1020	59;56;182
1021	59;54;182
1022	59;55;182
1023	70;56;182
1024	70;54;182
1025	70;52;182
1026	59;53;182
1027	59;52;182
1028	68;53;182
1029	68;52;182
1030	68;55;182
1031	67;56;182
1032	67;52;182
1033	67;54;182
1034	64;56;182
1035	64;52;182
1036	64;54;182
1037	68;56;182
1038	68;54;182
1039	69;53;182
1040	69;54;182
1041	62;56;182
1042	62;52;182
1043	62;55;182
1044	63;56;182
1045	63;52;182
1046	63;54;182
1047	59;58;182
1048	68;58;182
1049	67;58;182
1050	63;53;182
1051	63;58;182
1052	70;55;182
1053	66;53;182
1054	66;52;182
1055	66;55;182
1056	60;53;183
1057	60;52;183
1058	63;53;181
1059	60;54;183
1060	60;53;184
1061	60;52;184
1062	60;54;184
1063	64;179;53;185
1064	64;179;52;185
1065	64;179;54;185
1066	59;56;181
1067	59;52;181
1068	59;54;181
1069	64;53;185
1070	59;56;185
1071	59;54;185
1072	64;179;53;183
1073	64;179;52;183
1074	64;179;55;183
1075	61;179;53;181
1076	61;179;52;181
1077	61;179;55;181
1078	60;56;184
1079	63;179;56;185
1080	63;179;52;185
1081	60;52;185
1082	59;179;53;185
1083	59;179;52;185
1084	59;179;54;185
1085	64;56;183
1086	64;55;183
1087	63;55;182
1088	63;55;181
1089	65;179;52;184
1090	65;179;54;184
1091	67;179;56;182
1092	67;179;55;182
1093	64;55;181
1094	66;179;56;183
1095	66;179;52;183
1096	66;179;54;183
1097	64;179;56;183
1098	64;179;54;183
1099	63;53;185
1100	63;52;185
1101	63;55;185
1102	59;53;181
1103	60;53;185
1104	61;179;56;183
1105	61;179;52;183
1106	61;179;54;183
1107	66;56;183
1108	66;53;183
1109	66;52;183
1110	63;53;184
1111	63;52;184
1112	63;54;184
1113	66;179;53;181
1114	66;179;55;181
1115	67;53;185
1116	67;52;185
1117	67;55;185
1118	66;179;53;185
1119	66;179;52;185
1120	64;179;56;185
1121	64;179;55;185
1122	67;179;56;181
1123	67;179;52;181
1124	59;179;56;184
1125	59;179;52;184
1126	59;179;55;184
1127	60;179;56;182
1128	60;179;53;182
1129	60;179;55;182
1130	60;179;53;184
1131	68;52;181
1132	68;56;181
1133	68;55;181
1134	66;56;182
1135	66;54;182
1136	70;56;185
1137	70;52;185
1138	70;55;185
1139	60;55;185
1140	59;57;181
1141	67;56;185
1142	59;55;185
1143	66;55;183
1144	66;57;183
1145	60;58;181
1146	59;58;184
1147	59;55;184
1148	60;179;52;182
1149	60;179;58;182
1150	59;58;181
1151	60;58;184
1152	64;179;58;183
1153	64;179;56;184
1154	64;179;58;184
1155	64;179;55;184
1156	63;179;58;183
1157	63;58;181
1158	64;58;182
1159	64;55;182
1160	60;58;185
1161	63;56;185
1162	63;58;185
1163	63;54;185
1164	59;58;183
1165	60;179;56;181
1166	60;179;53;181
1167	60;179;58;181
1168	70;179;56;181
1169	70;179;58;181
1170	70;179;54;181
1171	62;53;183
1172	62;58;183
1173	62;55;183
1174	60;58;183
1175	69;56;184
1176	69;52;184
1177	69;54;184
1178	63;56;184
1179	59;53;184
1180	67;56;184
1181	67;52;184
1182	67;54;184
1183	68;52;184
1184	70;56;181
1185	70;54;181
1186	70;55;181
1187	60;57;183
1188	60;55;183
1189	64;57;181
1190	64;54;181
1191	64;179;57;182
1192	63;179;57;183
1193	60;179;53;183
1194	60;179;57;183
1195	60;179;52;183
1196	64;179;57;184
1197	64;179;52;184
1198	59;57;182
1199	60;57;182
1200	64;57;183
1201	64;54;183
1202	63;57;181
1203	70;179;52;182
1204	70;179;57;182
1205	69;57;184
1206	69;55;184
1207	62;179;56;183
1208	62;179;52;183
1209	62;179;57;183
1210	63;57;184
1211	67;179;58;181
1212	67;179;55;181
1213	60;56;183
1214	67;179;56;184
1215	67;179;54;184
1216	67;179;58;184
1217	68;53;183
1218	68;52;183
1219	68;58;183
1220	59;55;181
1221	69;179;53;184
1222	69;179;54;184
1223	69;179;52;184
1224	65;179;55;184
1225	70;179;56;183
1226	70;179;53;183
1227	70;179;54;183
1228	60;58;182
1229	68;58;184
1230	69;58;183
1231	69;52;183
1232	60;179;54;181
1233	59;179;52;183
1234	59;179;58;183
1235	59;179;54;183
1236	67;58;184
1237	59;179;56;181
1238	59;179;54;181
1239	59;179;55;181
1240	61;179;53;182
1241	61;179;54;182
1242	61;179;55;182
1243	62;179;56;184
1244	62;179;52;184
1245	62;179;55;184
1246	63;179;56;182
1247	63;179;52;182
1248	63;179;54;182
1249	67;58;183
1250	65;179;56;184
1251	60;179;54;183
1252	64;53;184
1253	62;179;56;182
1254	62;179;52;182
1255	59;179;53;181
1256	66;179;56;185
1257	63;179;52;184
1258	63;179;54;184
1259	68;179;56;183
1260	68;179;52;183
1261	68;179;54;183
1262	63;179;54;185
1263	64;179;53;184
1264	64;179;54;184
1265	60;55;182
1266	68;179;53;181
1267	68;179;52;181
1268	68;179;54;181
1269	64;179;53;181
1270	64;179;52;181
1271	64;179;54;181
1272	67;179;56;183
1273	67;179;52;183
1274	67;179;54;183
1275	59;179;56;182
1276	59;179;52;182
1277	59;179;57;182
1278	63;57;183
1279	59;57;184
1280	65;56;181
1281	65;57;181
1282	59;179;57;181
1283	74
1284	-1
1285	105
1286	133
1287	144
1288	93
1289	77
1290	85
1291	104
1292	123
1293	119
1294	121
1295	89
1296	87
1297	137
1298	126
1299	122
1300	132
1301	124
1302	78
1303	86
1304	106
1305	82
1306	96
1307	103
1308	72
1309	136
1310	80
1311	83
1312	88
1313	71
1314	84
1315	118
1316	115
1317	130
1318	101
1319	81
1320	76
1321	114
1322	135
1323	141
1324	94
1325	75
1326	107
1327	142
1328	120
1329	116
1330	98
1331	95
1332	90
1333	73
1334	99
1335	113
1336	134
1337	79
1338	92
1339	102
1340	145
1341	129
1342	125
1343	138
1344	100
1345	91
1346	108
1347	109
1348	110
1349	111
1350	112
1351	117
1352	128
1353	131
1354	140
1355	97
1356	143
1357	179;129
1358	179;77
1359	179;86
1360	179;143
1361	179;83
1362	179;80
1363	179;120
1364	179;134
1365	179;106
1366	179;74
1367	179;84
1368	179;85
1369	179;99
1370	179;76
1371	179;119
1372	179;110
1373	179;73
1374	179;78
1375	179;109
1376	179;128
1377	179;122
1378	179;71
1379	179;87
1380	179;88
1381	179;95
1382	179;115
1383	179;81
1384	179;108
1385	179;117
1386	179;145
1387	179;113
1388	179;75
1389	179;126
1390	179;130
1391	179;90
1392	155;153;177
1393	155;156;177
1394	155;169;177
1395	157;149;177
1396	157;153;177
1397	157;169;177
1398	155;149;177
1399	159;149;177
1400	159;156;177
1401	159;169;177
1402	152;147;163;179;178;149;178
1403	152;147;163;179;178;151;178
1404	157;150;177
1405	146;150;177
1406	146;153;177
1407	146;156;177
1408	146;169;177
1409	159;148;177
1410	159;153;177
1411	159;164;162;156;178
1412	159;164;162;149;178
1413	159;164;162;153;178
1414	159;164;162;151;178
1415	146;172;162;151;178
1416	146;172;162;150;178
1417	146;172;162;149;178
1418	146;172;162;153;178
1419	155;158;162;151;178
1420	155;158;162;150;178
1421	155;158;162;153;178
1422	155;158;162;149;178
1423	146;158;162;151;178
1424	146;158;162;153;178
1425	146;158;162;149;178
1426	155;154;162;151;178
1427	155;154;162;149;178
1428	155;154;162;153;178
1429	155;154;162;150;178
1430	155;147;153;176
1431	155;147;149;176
1432	155;147;151;176
1433	155;147;148;176
1434	146;158;153;176
1435	146;158;151;176
1436	146;158;149;176
1437	159;161;153;176
1438	157;148;177
1439	146;151;177
1440	155;148;177
1441	155;150;177
1442	167;148;177
1443	167;149;177
1444	167;168;177
1445	167;179;177;168;177
1446	167;179;177;149;177
1447	167;153;177
1448	167;179;177;153;177
1449	155;158;162;179;178;149;178
1450	155;158;162;179;178;151;178
1451	146;148;177
1452	146;149;177
1453	157;179;177;153;177
1454	157;179;177;149;177
1455	152;149;177
1456	152;153;177
1457	159;150;177
1458	155;147;150;176
1459	159;147;149;176
1460	159;147;150;176
1461	152;147;148;176
1462	152;147;149;176
1463	152;147;150;176
1464	157;147;149;176
1465	157;147;151;176
1466	157;147;153;176
1467	157;147;150;176
1468	167;150;177
1469	167;156;177
1470	146;147;162;179;178;149;178
1471	146;147;162;179;178;153;178
1472	146;147;162;179;178;156;178
1473	146;158;163;179;178;150;178
1474	146;158;163;179;178;149;178
1475	146;158;163;179;178;153;178
1476	146;158;166;179;178;153;178
1477	146;158;166;179;178;149;178
1478	157;158;162;149;178
1479	157;158;162;151;178
1480	157;158;162;148;178
1481	159;164;162;150;178
1482	146;158;162;179;178;150;178
1483	146;158;162;179;178;149;178
1484	146;158;162;179;178;156;178
1485	146;147;179;176;148;176
1486	146;147;179;176;149;176
1487	146;147;179;176;150;176
1488	146;147;179;176;151;176
1489	152;147;179;176;149;176
1490	152;147;179;176;153;176
1491	152;156;177
1492	152;169;177
1493	157;156;177
1494	170;147;162;150;178
1495	170;147;162;149;178
1496	170;147;162;151;178
1497	170;147;162;153;178
1498	155;151;177
1499	157;151;177
1500	159;151;177
1501	146;179;177;153;177
1502	155;179;177;148;177
1503	155;179;177;149;177
1504	155;179;177;150;177
1505	159;158;162;179;178;151;178
1506	159;158;162;179;178;150;178
1507	159;158;162;179;178;149;178
1508	155;158;162;179;178;148;178
1509	155;158;162;179;178;150;178
1510	155;158;162;179;178;153;178
1511	146;161;162;179;178;148;178
1512	146;161;162;179;178;151;178
1513	146;161;162;179;178;149;178
1514	146;161;162;179;178;153;178
1515	146;154;179;176;153;176
1516	146;154;179;176;149;176
1517	155;147;156;176
1518	157;147;148;176
1519	146;147;179;176;153;176
1520	146;147;179;176;156;176
1521	146;147;162;151;178
1522	146;147;162;153;178
1523	146;147;162;148;178
1524	146;147;162;149;178
1525	146;147;162;156;178
1526	155;164;162;156;178
1527	155;164;162;149;178
1528	155;164;162;150;178
1529	155;164;162;151;178
1530	146;147;162;150;178
1531	159;158;162;151;178
1532	159;158;162;156;178
1533	159;158;162;149;178
1534	159;158;162;150;178
1535	170;172;175;151;178
1536	170;172;175;149;178
1537	170;172;175;150;178
1538	170;172;175;156;178
1539	146;158;150;176
1540	146;147;153;176
1541	146;147;149;176
1542	146;147;150;176
1543	146;147;156;176
1544	159;147;153;176
1545	159;147;156;176
1546	155;160;148;176
1547	155;160;149;176
1548	155;160;151;176
1549	155;160;150;176
1550	155;160;153;176
1551	146;147;165;179;178;148;178
1552	146;147;165;179;178;153;178
1553	146;147;165;179;178;156;178
1554	146;147;165;179;178;149;178
1555	159;158;162;179;178;148;178
1556	170;153;177
1557	170;169;177
1558	155;158;162;156;178
1559	159;172;174;148;178
1560	159;172;174;150;178
1561	159;172;174;149;178
1562	159;172;174;153;178
1563	170;158;162;150;178
1564	170;158;162;156;178
1565	170;158;162;149;178
1566	170;158;162;153;178
1567	159;179;177;148;177
1568	159;179;177;156;177
1569	171;149;177
1570	171;153;177
1571	155;179;177;153;177
1572	146
1573	146;164;162;179;178;153;178
1574	146;164;162;179;178;149;178
1575	159;158;162;179;178;153;178
1576	159;158;162;179;178;156;178
1577	159;179;177;153;177
1578	155;179;177;156;177
1579	146;147;165;148;178
1580	146;147;165;149;178
1581	146;147;165;151;178
1582	155;147;162;150;178
1583	155;147;162;156;178
1584	155;147;162;149;178
1585	155;147;162;151;178
1586	159;158;162;153;178
1587	159;158;162;148;178
1588	171;161;165;153;178
1589	171;161;165;149;178
1590	159;172;162;153;178
1591	159;172;162;149;178
1592	159;172;162;151;178
1593	146;158;162;156;178
1594	155;158;162;148;178
1595	170;172;173;149;178
1596	170;172;173;153;178
1597	170;158;162;151;178
1598	157;179;177;148;177
1599	157;179;177;169;177
1600	170;149;177
1601	170;156;177
1602	155;172;162;149;178
1603	155;172;162;150;178
1604	155;172;162;148;178
1605	159;158;166;149;178
1606	159;158;166;151;178
1607	159;147;166;148;178
1608	159;147;166;149;178
1609	159;147;166;151;178
1610	159;147;166;153;178
1611	159;158;166;150;178
1612	159;158;166;153;178
1613	5;2;184
1614	180;2;183
1615	4;2;179;182
1616	16;2;181
1617	13;2;179;181
1618	19;2;184
1619	14;2;184
1620	18;7;183
1621	1;2;184
1622	1;2;179;183
1623	3;2;181
1624	18;7;184
1625	17;7;179;183
1626	12;2;181
1627	17;7;179;184
1628	3;2;179;181
1629	22;2;184
1630	12;2;179;184
1631	5;2;183
1632	10;7;184
1633	16;2;179;183
1634	15;2;179;181
1635	18;7;179;183
1636	146;160;156;176
1637	146;160;149;176
1638	146;160;153;176
1639	146;160;151;176
1640	157;147;156;176
1641	155;154;179;176;153;176
1642	155;154;179;176;150;176
1643	155;154;179;176;149;176
1644	146;147;151;176
1645	159;158;148;176
1646	159;158;153;176
1647	159;158;151;176
1648	159;158;149;176
1649	159;158;156;176
1650	155;158;148;176
1651	155;158;151;176
1652	155;158;149;176
1653	159;147;148;176
1654	155;164;148;176
1655	155;164;153;176
1656	155;164;149;176
1657	152;147;179;176;151;176
1658	152;147;179;176;156;176
1659	155;147;179;176;148;176
1660	155;147;179;176;150;176
1661	155;147;179;176;153;176
1662	155;147;179;176;151;176
1663	155;147;179;176;149;176
1664	146;158;179;176;148;176
1665	146;158;179;176;153;176
1666	146;158;179;176;149;176
1667	152;147;153;176
1668	152;147;151;176
1669	152;147;156;176
1670	159;147;179;176;153;176
1671	159;147;179;176;148;176
1672	159;147;179;176;149;176
1673	159;147;179;176;150;176
1674	155;158;179;176;148;176
1675	155;158;179;176;153;176
1676	155;158;179;176;149;176
1677	146;147;148;176
1678	155;147;179;176;156;176
1679	155;158;179;176;150;176
1680	155;158;179;176;151;176
1681	68;54;184
1682	67;56;183
1683	19;2;182
1684	184
1685	1;2;181
1686	12;2;184
1687	180;2;184
1688	11;7;182
1689	13;2;184
1690	182;1;2
1691	16;2;182
1692	3;2;184
1693	12;7;183
1694	16;2;184
1695	20;21;184
1696	180;2;182
1697	180;2;181
1698	11;7;184
1699	18;7;182
1700	16;2;185
1701	30;44;49;183;184
1702	182;181
1703	181;182
1704	27;44;49;181;184
1705	30;44;49;184;181
1706	30;44;49;183;182
1707	30;44;49;182;183
1708	61;53;182
1709	61;52;182
1710	61;55;182
1711	61;56;181
1712	61;52;181
1713	61;55;181
1714	61;56;183
1715	61;52;183
1716	61;54;183
1717	194;56;182
1718	194;52;182
1719	194;54;182
1720	194;56;181
1721	194;52;181
1722	194;54;181
1723	194;53;183
1724	194;52;183
1725	194;55;183
1726	194;53;181
1727	194;56;183
1728	194;54;183
1729	194;53;182
1730	194;58;183
1731	194;58;181
1732	146;164;153;176
1733	146;164;196;176
1734	146;164;156;176
1735	167
1736	155;158;163;153;178
1737	155;158;163;150;178
1738	155;158;163;196;178
1739	155;158;175;151;178
1740	155;158;175;196;178
1741	155;158;175;153;178
1742	155;158;175;150;178
1743	66;54;183
1744	300;56;183
1745	300;57;183
1746	300;55;183
1747	300;56;181
1748	300;52;181
1749	300;58;181
1750	219
1751	170;148;177
1752	170;150;177
1753	152;148;177
1754	152;150;177
1755	155;158;175;156;178
1756	170;158;162;148;178
1757	170;158;162;196;178
1758	146;164;165;148;178
1759	146;164;165;196;178
1760	146;164;165;149;178
1761	146;164;165;151;178
1762	181;184;53
1763	181;184;54
1764	57;183;184
1765	300;52;182
1766	300;58;182
1767	300;55;182
1768	65;58;181
1769	53;183;184;181
1770	52;183;184;181
1771	54;183;184;181
1772	146;147;196;176
1773	170;164;153;176
1774	170;164;150;176
1775	170;164;196;176
1776	44;45;184;183
1777	44;49;184;183
1778	24;48;182;181
1779	24;50;182;181
1780	38;39;181;184
1781	34;42;181;184
1782	24;48;181;184
1783	24;33;181;184
1784	31;49;184;183
1785	27;44;45;183;184
1786	27;24;40;182;181
1787	24;48;183;184
1788	27;28;29;184;181
1789	24;50;181;182
1790	24;41;181;182
1791	27;36;37;183;182
1792	31;42;183;182
